0.014240
0.011139
0.010777
0.010502
0.010072
0.009276
0.009018
0.008847
0.008791
0.008634
0.008445
0.008335
0.008275
0.008081
0.007991
0.007926
0.007910
0.007904
0.007847
0.007822
0.007834
0.007742
0.007702
0.007656
0.007619
0.007603
0.007558
0.007555
0.007559
0.007527
0.007517
0.007510
0.007487
0.007397
0.007397
0.007367
0.007357
0.007356
0.007287
0.007275
0.007267
0.007289
0.007245
0.007193
0.007168
0.007164
0.007168
0.007187
0.007183
0.007176
0.007185
0.007750
0.007606
0.007429
0.007357
0.007313
0.007151
0.007155
0.007148
0.007176
0.007123
0.007127
0.007117
0.007119
0.007105
0.007097
0.007095
0.007098
0.007103
0.007096
0.007095
